example-validation-01 summary
=============================

Intent:
  Validate beamforming methods on example_mixture.wav only.
  This avoids assuming anything about the speaker layout of mixture.wav.

Known source directions in example_mixture.wav:
  0deg_front, 90deg_left, 180deg_back, 270deg_right

Closest-mic baselines used for listening:
  0deg_front     LF
  90deg_left     LR
  180deg_back    RR
  270deg_right   RF

MVDR STFT: window=hann, nperseg=1024, noverlap=768
MVDR diagonal loading: 0.01 * trace(R) / M
MVDR distortionless mean |w^H d - 1|: 1.162e-16
MVDR loaded covariance median cond: 259.37

closest average pairwise log-magnitude correlation: 0.8687
closest pairwise log-magnitude correlation matrix:
beam             0deg_front   90deg_left  180deg_back 270deg_right
0deg_front           1.0000       0.9684       0.8174       0.8287
90deg_left           0.9684       1.0000       0.8137       0.8107
180deg_back          0.8174       0.8137       1.0000       0.9733
270deg_right         0.8287       0.8107       0.9733       1.0000

geom_das average pairwise log-magnitude correlation: 0.8708
geom_das pairwise log-magnitude correlation matrix:
beam             0deg_front   90deg_left  180deg_back 270deg_right
0deg_front           1.0000       0.8492       0.9410       0.8532
90deg_left           0.8492       1.0000       0.8259       0.9259
180deg_back          0.9410       0.8259       1.0000       0.8295
270deg_right         0.8532       0.9259       0.8295       1.0000

mvdr average pairwise log-magnitude correlation: 0.8150
mvdr pairwise log-magnitude correlation matrix:
beam             0deg_front   90deg_left  180deg_back 270deg_right
0deg_front           1.0000       0.7475       0.9662       0.7701
90deg_left           0.7475       1.0000       0.7405       0.8944
180deg_back          0.9662       0.7405       1.0000       0.7713
270deg_right         0.7701       0.8944       0.7713       1.0000

Geometry-DAS directional response table (dB)
beam             0deg_front   90deg_left  180deg_back 270deg_right
0deg_front             0.00        -9.36        -3.83        -9.36
90deg_left            -9.36         0.00        -9.36        -7.23
180deg_back           -3.83        -9.36         0.00        -9.36
270deg_right          -9.36        -7.23        -9.36         0.00

MVDR directional response table (dB)
beam             0deg_front   90deg_left  180deg_back 270deg_right
0deg_front             0.00       -18.63        -1.29       -15.35
90deg_left             1.54         0.00        -1.45        -3.17
180deg_back           -0.50       -19.50         0.00       -13.05
270deg_right           1.41        -5.89         1.99         0.00

Suggested listening order per direction:
  1. audio/closest_<direction>.wav
  2. audio/geom_das_<direction>.wav
  3. audio/mvdr_<direction>.wav

Listen for:
  - whether the target voice becomes more dominant
  - whether interferers are actually reduced, not just phase-smeared
  - whether MVDR clearly beats both the closest mic and geom-DAS
